20
    0     5     1
    0     7     1
    0     9     1
    0    10     1
    0    13     1
    0    14     1
    0    15     1
    0    16     2
    0    17     1
    0    18     1
    1     2     2
    1     3     2
    1     6     2
    1     7     1
    1    10     2
    1    15     2
    1    16     1
    2     4     2
    2     5     1
    2     6     1
    2    10     1
    2    12     1
    2    13     1
    2    16     1
    2    17     1
    2    18     1
    3     4     1
    3     8     1
    3    10     2
    3    11     1
    3    13     1
    3    14     1
    3    15     1
    3    16     2
    3    18     1
    4     5     1
    4     6     1
    4    11     1
    4    12     2
    4    13     1
    4    16     1
    4    18     1
    4    19     2
    5     6     1
    5    16     1
    5    17     1
    5    18     1
    6     7     1
    6     8     1
    6     9     1
    6    12     1
    6    14     1
    6    15     1
    6    16     2
    6    17     1
    6    18     1
    6    19     2
    7    12     1
    7    13     1
    7    14     1
    7    17     2
    7    18     1
    8     9     1
    8    13     1
    8    17     2
    9    10     1
    9    11     1
    9    12     1
    9    14     1
    9    15     1
    9    16     2
   10    11     2
   10    13     1
   10    15     1
   10    16     1
   10    19     1
   11    12     1
   11    13     1
   11    14     1
   11    15     2
   11    17     1
   11    18     2
   11    19     1
   12    14     2
   12    15     1
   12    18     1
   13    14     2
   13    18     1
   14    17     1
   17    19     1
   18    19     2
