100
    0     1     3
    0     2     2
    0     3     1
    0     4     1
    0     5     2
    0     6     1
    0     7     1
    0     8     2
    0     9     3
    0    10     1
    0    11     1
    0    12     5
    0    13     1
    0    14     3
    0    15     1
    0    16     2
    0    17     2
    0    20     4
    0    21     3
    0    22     4
    0    24     5
    0    25     3
    0    26     1
    0    27     2
    0    29     4
    0    30     2
    0    33     1
    0    34     1
    0    35     3
    0    36     1
    0    37     1
    0    38     5
    0    39     5
    0    40     1
    0    41     1
    0    43     5
    0    44     5
    0    45     3
    0    46     1
    0    47     1
    0    48     1
    0    50     2
    0    51     2
    0    52     1
    0    53     2
    0    54     3
    0    55     2
    0    56     2
    0    58     4
    0    59     5
    0    60     3
    0    61     4
    0    62     3
    0    63     4
    0    65     2
    0    66     2
    0    70     2
    0    71     4
    0    72     3
    0    73     3
    0    74     2
    0    75     4
    0    76     1
    0    77     2
    0    80     3
    0    81     2
    0    82     2
    0    83     4
    0    85     1
    0    86     2
    0    87     2
    0    88     1
    0    89     2
    0    90     1
    0    91     1
    0    92     1
    0    93     2
    0    94     2
    0    95     2
    0    97     5
    1     2     1
    1     3     2
    1     4     3
    1     5     1
    1     6     1
    1     7     1
    1     9     5
    1    11     4
    1    12     1
    1    13     2
    1    14     1
    1    15     1
    1    19     1
    1    20     1
    1    21     2
    1    22     3
    1    23     1
    1    24     1
    1    25     4
    1    28     1
    1    29     1
    1    31     2
    1    32     1
    1    33     2
    1    34     3
    1    35     1
    1    36     1
    1    37     1
    1    39     2
    1    40     1
    1    41     2
    1    43     1
    1    44     1
    1    45     3
    1    47     1
    1    48     4
    1    49     1
    1    50     1
    1    51     3
    1    52     2
    1    53     1
    1    54     2
    1    56     1
    1    58     3
    1    60     4
    1    61     3
    1    63     2
    1    64     2
    1    66     1
    1    67     3
    1    69     5
    1    70     3
    1    71     2
    1    72     2
    1    73     2
    1    75     3
    1    76     1
    1    77     2
    1    78     1
    1    79     2
    1    80     1
    1    82     1
    1    83     2
    1    84     3
    1    85     1
    1    87     4
    1    88     4
    1    89     2
    1    91     1
    1    93     5
    1    94     2
    1    95     3
    1    96     1
    1    98     2
    1    99     4
    2     3     2
    2     4     3
    2     5     4
    2     6     3
    2     7     2
    2     8     3
    2     9     1
    2    10     1
    2    12     4
    2    14     1
    2    15     1
    2    16     1
    2    17     2
    2    19     4
    2    20     2
    2    21     1
    2    23     2
    2    25     3
    2    26     3
    2    27     2
    2    28     1
    2    29     5
    2    30     1
    2    31     4
    2    32     2
    2    33     2
    2    34     1
    2    35     1
    2    37     3
    2    38     4
    2    40     3
    2    41     3
    2    42     1
    2    43     2
    2    44     3
    2    45     1
    2    46     1
    2    48     2
    2    49     4
    2    50     2
    2    51     3
    2    53     1
    2    54     2
    2    57     3
    2    58     3
    2    59     4
    2    60     3
    2    62     1
    2    63     1
    2    64     2
    2    65     1
    2    66     2
    2    67     1
    2    68     3
    2    69     1
    2    70     3
    2    71     1
    2    72     5
    2    73     2
    2    74     3
    2    75     4
    2    77     1
    2    78     3
    2    79     3
    2    80     1
    2    85     5
    2    86     1
    2    87     5
    2    89     1
    2    90     3
    2    91     3
    2    94     2
    2    95     2
    2    97     2
    2    98     2
    3     4     4
    3     7     2
    3     8     5
    3     9     2
    3    11     4
    3    13     4
    3    14     3
    3    15     3
    3    16     3
    3    20     3
    3    24     3
    3    25     2
    3    27     2
    3    28     5
    3    29     3
    3    31     2
    3    32     3
    3    33     1
    3    34     3
    3    36     1
    3    37     3
    3    39     2
    3    41     2
    3    42     5
    3    43     4
    3    44     3
    3    45     3
    3    46     4
    3    49     3
    3    50     4
    3    51     1
    3    52     1
    3    54     1
    3    55     5
    3    56     4
    3    57     3
    3    58     4
    3    59     3
    3    60     2
    3    61     5
    3    62     2
    3    63     2
    3    64     1
    3    66     1
    3    67     1
    3    68     1
    3    69     1
    3    70     1
    3    72     2
    3    75     3
    3    76     1
    3    77     4
    3    78     3
    3    79     2
    3    80     2
    3    81     3
    3    82     5
    3    84     2
    3    85     2
    3    86     1
    3    87     3
    3    88     1
    3    90     2
    3    91     2
    3    92     2
    3    95     2
    3    96     2
    3    97     2
    3    98     2
    4     5     1
    4     6     2
    4     7     3
    4     9     3
    4    10     2
    4    11     5
    4    13     3
    4    14     4
    4    15     2
    4    17     4
    4    18     2
    4    19     2
    4    22     2
    4    23     4
    4    25     1
    4    28     5
    4    30     1
    4    32     3
    4    34     5
    4    35     5
    4    36     4
    4    37     2
    4    38     1
    4    39     3
    4    41     5
    4    42     2
    4    43     3
    4    44     2
    4    45     1
    4    46     1
    4    48     5
    4    50     3
    4    52     1
    4    53     1
    4    54     5
    4    57     2
    4    59     2
    4    60     4
    4    61     2
    4    64     3
    4    65     4
    4    67     3
    4    69     3
    4    70     5
    4    73     2
    4    74     3
    4    76     3
    4    78     1
    4    79     3
    4    82     1
    4    83     2
    4    84     1
    4    85     3
    4    87     2
    4    88     1
    4    89     1
    4    90     1
    4    91     5
    4    95     3
    4    96     2
    4    97     3
    4    98     1
    5     6     1
    5     7     3
    5     8     1
    5     9     1
    5    10     1
    5    11     1
    5    12     1
    5    14     1
    5    15     5
    5    16     3
    5    17     1
    5    18     3
    5    21     4
    5    22     2
    5    23     2
    5    24     3
    5    25     1
    5    26     1
    5    30     1
    5    32     3
    5    33     1
    5    35     1
    5    36     3
    5    37     4
    5    38     1
    5    41     4
    5    42     1
    5    45     3
    5    46     1
    5    47     4
    5    48     3
    5    49     4
    5    50     1
    5    51     4
    5    52     1
    5    53     3
    5    54     2
    5    55     2
    5    56     4
    5    59     2
    5    61     1
    5    62     3
    5    64     2
    5    65     2
    5    66     1
    5    67     5
    5    68     2
    5    69     1
    5    70     1
    5    71     3
    5    72     1
    5    73     3
    5    74     5
    5    75     2
    5    76     4
    5    77     4
    5    78     3
    5    79     4
    5    81     4
    5    82     1
    5    83     1
    5    85     2
    5    86     1
    5    87     4
    5    90     2
    5    91     3
    5    92     2
    5    93     3
    5    94     2
    5    95     2
    5    96     3
    5    98     4
    6     9     5
    6    10     1
    6    11     3
    6    13     2
    6    14     1
    6    15     1
    6    16     1
    6    17     5
    6    18     1
    6    20     3
    6    21     1
    6    22     1
    6    26     5
    6    28     1
    6    29     2
    6    30     2
    6    31     1
    6    33     4
    6    34     2
    6    35     5
    6    36     1
    6    37     5
    6    39     2
    6    40     1
    6    41     4
    6    42     3
    6    43     1
    6    44     1
    6    45     3
    6    46     5
    6    47     1
    6    48     1
    6    49     2
    6    50     3
    6    53     2
    6    54     5
    6    55     3
    6    56     1
    6    57     2
    6    58     5
    6    59     4
    6    60     1
    6    61     3
    6    63     5
    6    64     3
    6    65     1
    6    66     1
    6    67     4
    6    68     2
    6    69     1
    6    70     3
    6    71     5
    6    72     1
    6    74     5
    6    76     2
    6    78     3
    6    79     2
    6    82     3
    6    83     2
    6    85     3
    6    86     4
    6    87     3
    6    89     2
    6    90     1
    6    91     2
    6    92     2
    6    93     3
    6    94     3
    6    96     1
    6    97     1
    6    98     2
    6    99     4
    7     9     1
    7    11     5
    7    12     3
    7    13     1
    7    14     3
    7    16     1
    7    17     1
    7    18     3
    7    19     4
    7    20     1
    7    21     3
    7    23     4
    7    24     3
    7    25     3
    7    26     4
    7    27     1
    7    29     2
    7    31     5
    7    32     1
    7    33     3
    7    34     5
    7    35     2
    7    36     2
    7    37     4
    7    38     4
    7    39     1
    7    40     3
    7    41     3
    7    43     2
    7    44     4
    7    45     1
    7    46     3
    7    47     1
    7    48     1
    7    49     1
    7    50     2
    7    51     4
    7    52     3
    7    53     2
    7    54     1
    7    55     3
    7    56     4
    7    57     1
    7    59     1
    7    60     3
    7    61     4
    7    62     2
    7    63     1
    7    64     2
    7    65     2
    7    67     1
    7    68     1
    7    70     2
    7    73     3
    7    74     1
    7    75     2
    7    76     1
    7    77     1
    7    79     4
    7    80     2
    7    81     4
    7    82     3
    7    83     1
    7    84     2
    7    85     2
    7    86     1
    7    87     1
    7    88     2
    7    90     1
    7    91     2
    7    92     1
    7    93     2
    7    94     2
    7    95     4
    7    96     1
    7    97     1
    7    99     4
    8     9     1
    8    10     1
    8    12     1
    8    13     3
    8    14     1
    8    17     1
    8    18     3
    8    20     2
    8    21     4
    8    23     3
    8    24     2
    8    25     1
    8    26     4
    8    27     4
    8    28     1
    8    29     3
    8    30     1
    8    31     2
    8    32     4
    8    33     2
    8    35     1
    8    36     2
    8    39     4
    8    40     1
    8    42     2
    8    43     2
    8    44     1
    8    46     3
    8    47     1
    8    48     2
    8    49     4
    8    50     5
    8    51     4
    8    52     4
    8    53     1
    8    54     2
    8    55     1
    8    56     3
    8    59     2
    8    60     1
    8    61     2
    8    64     2
    8    65     2
    8    66     1
    8    67     2
    8    68     1
    8    69     1
    8    70     1
    8    71     1
    8    72     2
    8    73     2
    8    74     1
    8    75     2
    8    77     4
    8    78     5
    8    79     4
    8    80     4
    8    85     2
    8    87     1
    8    88     4
    8    91     2
    8    92     2
    8    93     1
    8    94     3
    8    96     4
    8    97     2
    8    98     5
    8    99     5
    9    10     2
    9    11     4
    9    13     2
    9    14     2
    9    15     3
    9    16     2
    9    18     3
    9    19     3
    9    20     4
    9    21     3
    9    23     3
    9    24     3
    9    27     2
    9    29     1
    9    30     4
    9    31     2
    9    33     4
    9    34     2
    9    36     1
    9    40     1
    9    42     4
    9    43     2
    9    46     2
    9    48     4
    9    49     3
    9    50     1
    9    52     1
    9    53     5
    9    54     4
    9    55     3
    9    57     1
    9    58     3
    9    60     2
    9    61     1
    9    63     1
    9    64     4
    9    66     1
    9    67     1
    9    68     3
    9    69     5
    9    70     1
    9    71     1
    9    72     3
    9    73     1
    9    74     3
    9    75     1
    9    76     3
    9    77     1
    9    78     2
    9    79     3
    9    80     1
    9    81     3
    9    82     1
    9    83     2
    9    85     1
    9    86     3
    9    87     1
    9    90     1
    9    91     3
    9    92     1
    9    93     1
    9    94     2
    9    95     4
    9    97     5
    9    98     2
    9    99     1
   10    11     3
   10    12     1
   10    13     2
   10    14     2
   10    15     2
   10    16     4
   10    17     1
   10    18     1
   10    19     1
   10    20     2
   10    23     1
   10    25     1
   10    28     3
   10    29     1
   10    30     1
   10    31     1
   10    33     3
   10    34     3
   10    35     1
   10    37     5
   10    38     4
   10    39     3
   10    41     4
   10    42     1
   10    44     3
   10    46     1
   10    47     3
   10    48     3
   10    49     3
   10    50     2
   10    51     1
   10    52     2
   10    54     1
   10    55     1
   10    56     5
   10    57     3
   10    58     1
   10    64     2
   10    65     3
   10    66     2
   10    67     5
   10    68     1
   10    70     2
   10    71     2
   10    73     4
   10    74     5
   10    75     3
   10    77     3
   10    78     4
   10    79     5
   10    80     1
   10    81     1
   10    84     2
   10    85     3
   10    86     2
   10    87     4
   10    88     1
   10    91     2
   10    92     1
   10    93     2
   10    94     4
   10    95     1
   10    96     5
   10    97     3
   10    98     1
   10    99     2
   11    14     5
   11    15     1
   11    17     1
   11    18     3
   11    19     2
   11    21     5
   11    22     5
   11    23     4
   11    24     1
   11    26     4
   11    27     1
   11    28     1
   11    29     2
   11    30     1
   11    31     2
   11    32     4
   11    34     4
   11    35     1
   11    36     1
   11    38     1
   11    39     3
   11    40     2
   11    41     4
   11    42     1
   11    43     2
   11    45     3
   11    46     4
   11    47     2
   11    48     4
   11    49     2
   11    50     1
   11    51     2
   11    53     4
   11    54     2
   11    56     1
   11    58     5
   11    59     2
   11    61     1
   11    63     4
   11    64     1
   11    65     5
   11    66     1
   11    67     1
   11    68     1
   11    69     4
   11    70     4
   11    71     1
   11    73     1
   11    75     1
   11    76     1
   11    77     1
   11    79     2
   11    81     4
   11    82     3
   11    83     2
   11    84     2
   11    86     3
   11    87     4
   11    88     1
   11    89     2
   11    90     1
   11    92     1
   11    93     1
   11    94     3
   11    96     1
   11    97     1
   11    98     1
   11    99     4
   12    14     2
   12    15     1
   12    16     3
   12    18     1
   12    19     2
   12    20     2
   12    21     1
   12    22     5
   12    24     1
   12    25     4
   12    26     1
   12    29     4
   12    30     2
   12    31     2
   12    32     2
   12    33     2
   12    34     5
   12    35     5
   12    36     2
   12    37     4
   12    39     2
   12    40     3
   12    41     1
   12    42     3
   12    43     1
   12    45     3
   12    46     2
   12    47     3
   12    48     1
   12    49     1
   12    50     2
   12    51     2
   12    52     2
   12    55     2
   12    56     1
   12    57     4
   12    58     1
   12    59     2
   12    61     3
   12    63     2
   12    64     2
   12    65     5
   12    67     4
   12    68     4
   12    69     1
   12    70     2
   12    71     2
   12    72     3
   12    74     2
   12    76     3
   12    77     1
   12    78     4
   12    80     4
   12    81     2
   12    82     1
   12    84     1
   12    85     3
   12    86     1
   12    90     4
   12    92     1
   12    94     1
   12    95     5
   12    96     2
   12    97     3
   12    98     5
   12    99     4
   13    14     2
   13    16     1
   13    17     3
   13    18     2
   13    19     3
   13    21     2
   13    22     2
   13    23     1
   13    24     1
   13    27     4
   13    29     2
   13    30     1
   13    31     2
   13    32     3
   13    33     1
   13    34     1
   13    35     4
   13    36     3
   13    37     1
   13    38     3
   13    39     1
   13    40     3
   13    41     1
   13    42     1
   13    43     2
   13    44     1
   13    46     1
   13    47     4
   13    48     1
   13    49     4
   13    50     2
   13    51     3
   13    52     4
   13    54     1
   13    55     2
   13    56     4
   13    57     2
   13    58     1
   13    59     1
   13    60     1
   13    61     2
   13    62     3
   13    63     2
   13    64     4
   13    65     3
   13    66     1
   13    67     1
   13    68     2
   13    69     4
   13    70     3
   13    71     4
   13    73     2
   13    74     2
   13    75     2
   13    76     2
   13    78     2
   13    79     1
   13    80     5
   13    82     1
   13    83     1
   13    84     1
   13    85     5
   13    86     3
   13    87     1
   13    89     2
   13    90     2
   13    91     2
   13    92     2
   13    94     2
   13    95     2
   13    98     2
   13    99     2
   14    15     3
   14    16     3
   14    18     3
   14    19     2
   14    20     5
   14    21     1
   14    22     5
   14    23     1
   14    24     4
   14    25     1
   14    27     2
   14    28     5
   14    29     4
   14    31     1
   14    33     1
   14    34     5
   14    35     2
   14    36     2
   14    37     1
   14    38     2
   14    39     3
   14    40     1
   14    41     2
   14    42     1
   14    43     4
   14    44     5
   14    46     4
   14    47     3
   14    48     4
   14    49     3
   14    50     1
   14    51     1
   14    53     2
   14    54     1
   14    55     1
   14    56     2
   14    57     1
   14    58     2
   14    59     1
   14    61     1
   14    63     1
   14    64     3
   14    65     2
   14    66     2
   14    69     4
   14    70     1
   14    72     2
   14    73     1
   14    74     4
   14    75     2
   14    76     1
   14    77     1
   14    78     2
   14    79     1
   14    80     2
   14    82     1
   14    84     1
   14    85     5
   14    86     3
   14    88     2
   14    89     1
   14    90     2
   14    91     4
   14    92     1
   14    93     3
   14    96     3
   14    97     3
   14    98     2
   14    99     5
   15    16     2
   15    17     1
   15    19     2
   15    20     2
   15    22     2
   15    23     2
   15    24     4
   15    26     1
   15    27     4
   15    29     4
   15    30     1
   15    31     4
   15    33     2
   15    34     1
   15    35     2
   15    36     4
   15    38     3
   15    40     2
   15    42     1
   15    43     1
   15    44     3
   15    45     2
   15    46     1
   15    47     1
   15    48     3
   15    50     3
   15    51     5
   15    52     3
   15    53     5
   15    59     2
   15    60     1
   15    61     2
   15    62     1
   15    63     1
   15    64     2
   15    65     4
   15    66     2
   15    67     4
   15    68     2
   15    70     4
   15    72     1
   15    73     3
   15    74     1
   15    75     1
   15    76     2
   15    79     1
   15    80     2
   15    81     5
   15    82     1
   15    83     1
   15    84     2
   15    85     4
   15    86     5
   15    87     2
   15    88     1
   15    90     2
   15    93     2
   15    95     1
   15    97     2
   15    98     2
   15    99     4
   16    17     1
   16    19     1
   16    21     1
   16    22     2
   16    23     1
   16    24     1
   16    25     1
   16    26     4
   16    27     1
   16    28     4
   16    30     2
   16    31     3
   16    32     1
   16    33     3
   16    34     1
   16    37     5
   16    39     4
   16    41     1
   16    42     4
   16    43     1
   16    47     2
   16    50     2
   16    51     3
   16    53     4
   16    56     3
   16    57     2
   16    58     2
   16    60     1
   16    61     2
   16    62     4
   16    63     5
   16    64     1
   16    65     2
   16    66     1
   16    67     1
   16    68     3
   16    69     2
   16    70     3
   16    71     2
   16    72     5
   16    73     1
   16    74     3
   16    75     2
   16    76     1
   16    77     4
   16    78     4
   16    80     1
   16    81     1
   16    82     1
   16    83     2
   16    84     1
   16    85     2
   16    86     1
   16    87     1
   16    88     3
   16    89     2
   16    90     1
   16    91     2
   16    92     2
   16    93     1
   16    94     4
   16    96     5
   16    98     1
   17    18     5
   17    19     2
   17    20     3
   17    21     4
   17    22     1
   17    23     1
   17    25     2
   17    26     2
   17    27     3
   17    28     3
   17    29     4
   17    32     4
   17    34     1
   17    35     3
   17    36     3
   17    37     4
   17    38     1
   17    39     2
   17    41     2
   17    42     2
   17    43     3
   17    44     1
   17    45     5
   17    46     1
   17    47     1
   17    50     1
   17    51     3
   17    52     3
   17    54     1
   17    55     1
   17    56     5
   17    57     2
   17    58     1
   17    59     2
   17    60     4
   17    61     1
   17    62     3
   17    63     3
   17    65     2
   17    66     1
   17    67     1
   17    68     1
   17    70     4
   17    71     2
   17    72     4
   17    74     2
   17    75     1
   17    76     5
   17    80     5
   17    81     1
   17    83     3
   17    84     1
   17    85     3
   17    86     1
   17    87     3
   17    88     2
   17    89     5
   17    90     1
   17    92     3
   17    93     5
   17    95     2
   17    96     4
   17    97     3
   18    20     3
   18    21     2
   18    22     3
   18    23     3
   18    24     3
   18    27     5
   18    29     2
   18    30     1
   18    31     3
   18    32     1
   18    33     1
   18    34     2
   18    36     5
   18    37     3
   18    38     2
   18    39     2
   18    40     2
   18    42     1
   18    43     2
   18    46     2
   18    48     4
   18    49     4
   18    50     1
   18    51     3
   18    52     5
   18    53     1
   18    54     2
   18    55     4
   18    57     1
   18    58     1
   18    59     3
   18    61     5
   18    62     1
   18    63     1
   18    64     3
   18    65     3
   18    66     2
   18    67     3
   18    69     2
   18    70     1
   18    71     3
   18    72     1
   18    73     2
   18    74     5
   18    75     2
   18    76     1
   18    77     1
   18    78     2
   18    79     3
   18    80     2
   18    81     5
   18    82     4
   18    83     2
   18    84     3
   18    85     3
   18    87     1
   18    88     1
   18    90     2
   18    91     2
   18    92     2
   18    93     4
   18    94     4
   18    97     3
   18    99     3
   19    21     5
   19    22     2
   19    23     2
   19    24     3
   19    25     2
   19    27     1
   19    28     4
   19    29     1
   19    30     3
   19    31     1
   19    32     1
   19    33     5
   19    34     3
   19    35     1
   19    36     1
   19    39     3
   19    41     1
   19    42     1
   19    43     3
   19    44     5
   19    45     3
   19    46     2
   19    49     1
   19    51     2
   19    52     2
   19    53     1
   19    54     2
   19    55     1
   19    56     3
   19    58     4
   19    59     2
   19    60     2
   19    61     3
   19    63     3
   19    65     3
   19    66     1
   19    67     2
   19    68     3
   19    71     4
   19    76     3
   19    77     4
   19    80     2
   19    81     1
   19    82     2
   19    83     1
   19    84     4
   19    85     4
   19    86     1
   19    88     1
   19    90     1
   19    91     4
   19    92     5
   19    94     2
   19    96     1
   19    98     4
   20    22     1
   20    23     3
   20    24     1
   20    25     4
   20    26     2
   20    27     5
   20    28     3
   20    29     2
   20    30     1
   20    31     4
   20    32     4
   20    35     2
   20    37     4
   20    38     1
   20    39     1
   20    42     1
   20    43     2
   20    45     2
   20    46     2
   20    47     2
   20    48     1
   20    49     1
   20    50     2
   20    53     1
   20    54     2
   20    55     3
   20    56     1
   20    57     3
   20    58     2
   20    59     1
   20    60     1
   20    61     1
   20    62     2
   20    63     4
   20    66     1
   20    67     1
   20    68     2
   20    69     4
   20    70     1
   20    72     2
   20    73     2
   20    74     2
   20    75     2
   20    76     5
   20    77     3
   20    78     2
   20    79     1
   20    80     4
   20    82     2
   20    83     2
   20    85     3
   20    86     2
   20    89     2
   20    91     4
   20    92     1
   20    93     1
   20    94     2
   20    95     2
   20    96     2
   20    98     3
   20    99     3
   21    22     1
   21    23     1
   21    24     4
   21    25     1
   21    26     1
   21    27     1
   21    28     3
   21    29     3
   21    30     1
   21    31     1
   21    32     2
   21    33     3
   21    34     5
   21    35     1
   21    36     4
   21    37     1
   21    38     2
   21    40     3
   21    42     1
   21    43     3
   21    44     3
   21    45     1
   21    46     2
   21    49     2
   21    52     4
   21    53     1
   21    55     4
   21    57     2
   21    58     3
   21    60     1
   21    61     1
   21    62     3
   21    63     4
   21    64     4
   21    65     1
   21    66     2
   21    68     2
   21    69     2
   21    70     2
   21    71     1
   21    72     4
   21    75     2
   21    76     3
   21    77     3
   21    81     2
   21    82     3
   21    83     1
   21    84     3
   21    85     1
   21    87     3
   21    88     1
   21    89     1
   21    91     4
   21    92     5
   21    93     3
   21    94     3
   21    95     5
   21    96     2
   21    97     3
   21    99     3
   22    23     4
   22    24     1
   22    25     2
   22    26     2
   22    27     2
   22    28     2
   22    29     3
   22    33     3
   22    34     3
   22    35     1
   22    36     2
   22    37     1
   22    38     1
   22    40     1
   22    41     1
   22    42     3
   22    43     4
   22    44     1
   22    46     1
   22    49     1
   22    50     3
   22    53     2
   22    54     3
   22    55     1
   22    56     2
   22    57     1
   22    58     3
   22    61     1
   22    63     2
   22    64     1
   22    65     4
   22    66     2
   22    67     1
   22    68     2
   22    70     2
   22    71     2
   22    72     2
   22    74     2
   22    75     4
   22    76     1
   22    77     2
   22    78     3
   22    79     1
   22    80     3
   22    81     3
   22    83     1
   22    84     3
   22    85     3
   22    86     1
   22    87     2
   22    89     2
   22    90     3
   22    92     2
   22    93     3
   22    94     1
   22    95     2
   22    96     4
   22    98     5
   22    99     5
   23    24     1
   23    25     4
   23    26     1
   23    27     3
   23    28     1
   23    29     2
   23    31     3
   23    32     2
   23    33     5
   23    34     1
   23    35     1
   23    36     1
   23    37     4
   23    38     1
   23    39     4
   23    40     1
   23    41     1
   23    42     2
   23    43     1
   23    44     1
   23    45     5
   23    47     1
   23    48     4
   23    51     1
   23    52     3
   23    53     2
   23    54     2
   23    56     5
   23    58     2
   23    61     2
   23    62     2
   23    63     3
   23    64     4
   23    65     5
   23    66     1
   23    68     1
   23    69     2
   23    70     3
   23    71     5
   23    72     2
   23    73     2
   23    74     5
   23    75     1
   23    76     1
   23    78     1
   23    79     1
   23    80     1
   23    81     3
   23    82     1
   23    83     4
   23    84     1
   23    86     3
   23    88     3
   23    89     2
   23    90     4
   23    92     1
   23    93     5
   23    94     2
   23    95     3
   23    98     4
   23    99     2
   24    25     2
   24    26     1
   24    27     1
   24    29     2
   24    30     2
   24    31     2
   24    33     3
   24    35     2
   24    36     2
   24    37     1
   24    38     2
   24    39     3
   24    41     4
   24    42     1
   24    43     2
   24    44     3
   24    45     2
   24    46     1
   24    47     5
   24    49     1
   24    50     1
   24    52     2
   24    54     4
   24    55     1
   24    56     1
   24    58     3
   24    60     2
   24    61     1
   24    62     3
   24    63     2
   24    65     2
   24    66     3
   24    67     4
   24    70     1
   24    72     2
   24    73     4
   24    75     1
   24    77     2
   24    79     3
   24    80     1
   24    82     2
   24    83     3
   24    84     2
   24    85     3
   24    86     2
   24    87     2
   24    88     2
   24    89     4
   24    90     5
   24    91     2
   24    92     1
   24    93     3
   24    94     1
   24    95     2
   24    96     2
   24    97     3
   24    99     1
   25    26     2
   25    27     4
   25    28     2
   25    29     1
   25    30     1
   25    31     4
   25    33     3
   25    34     3
   25    36     1
   25    37     1
   25    38     2
   25    39     1
   25    40     5
   25    41     1
   25    45     2
   25    46     1
   25    48     1
   25    49     1
   25    50     4
   25    51     4
   25    52     4
   25    54     2
   25    55     1
   25    58     1
   25    61     4
   25    62     5
   25    63     1
   25    64     2
   25    66     1
   25    67     1
   25    68     1
   25    69     2
   25    73     2
   25    75     3
   25    76     2
   25    79     3
   25    80     3
   25    81     3
   25    83     2
   25    86     5
   25    87     4
   25    88     2
   25    91     4
   25    92     1
   25    93     3
   25    94     4
   25    95     1
   25    97     3
   25    98     1
   26    27     2
   26    28     1
   26    29     2
   26    30     2
   26    32     3
   26    34     3
   26    36     4
   26    38     3
   26    39     1
   26    40     4
   26    43     2
   26    44     2
   26    45     3
   26    46     5
   26    47     2
   26    49     2
   26    51     3
   26    52     1
   26    53     2
   26    54     4
   26    55     1
   26    57     2
   26    58     1
   26    59     3
   26    60     2
   26    62     4
   26    64     1
   26    66     2
   26    67     4
   26    69     2
   26    70     2
   26    71     1
   26    72     1
   26    73     3
   26    74     1
   26    76     3
   26    77     2
   26    78     1
   26    79     1
   26    81     3
   26    82     4
   26    83     1
   26    84     1
   26    86     3
   26    89     2
   26    90     4
   26    94     3
   26    95     3
   26    96     1
   26    97     3
   26    98     2
   26    99     2
   27    32     3
   27    33     1
   27    34     4
   27    35     4
   27    36     1
   27    37     4
   27    38     3
   27    40     2
   27    42     2
   27    43     3
   27    45     2
   27    46     1
   27    47     2
   27    49     2
   27    50     2
   27    51     2
   27    52     1
   27    53     2
   27    54     1
   27    55     2
   27    56     2
   27    58     3
   27    61     1
   27    62     4
   27    63     2
   27    64     2
   27    65     3
   27    66     2
   27    67     2
   27    68     1
   27    69     1
   27    71     2
   27    75     1
   27    76     4
   27    77     3
   27    78     3
   27    79     5
   27    80     1
   27    81     4
   27    83     2
   27    84     3
   27    85     3
   27    88     4
   27    89     2
   27    90     2
   27    91     1
   27    92     3
   27    94     5
   27    95     4
   27    96     2
   27    97     3
   27    99     2
   28    29     2
   28    30     5
   28    31     1
   28    33     3
   28    34     4
   28    35     3
   28    36     1
   28    37     1
   28    39     1
   28    42     2
   28    43     4
   28    44     2
   28    45     4
   28    46     1
   28    47     5
   28    49     1
   28    50     1
   28    52     2
   28    54     2
   28    55     1
   28    56     1
   28    57     5
   28    58     1
   28    59     3
   28    60     1
   28    61     2
   28    63     2
   28    64     5
   28    65     2
   28    66     4
   28    67     2
   28    68     1
   28    69     3
   28    70     1
   28    71     1
   28    72     3
   28    74     3
   28    75     1
   28    77     1
   28    78     1
   28    79     3
   28    80     4
   28    81     1
   28    82     2
   28    85     3
   28    87     1
   28    88     1
   28    89     1
   28    91     3
   28    93     4
   28    94     3
   28    96     1
   28    97     2
   28    98     2
   28    99     1
   29    30     1
   29    31     5
   29    32     1
   29    33     1
   29    34     4
   29    35     2
   29    36     2
   29    37     3
   29    38     1
   29    39     1
   29    40     2
   29    42     3
   29    43     3
   29    44     2
   29    45     3
   29    46     4
   29    47     1
   29    48     4
   29    49     2
   29    50     1
   29    51     3
   29    52     3
   29    53     3
   29    54     2
   29    57     4
   29    58     1
   29    59     4
   29    60     2
   29    62     4
   29    63     2
   29    64     1
   29    65     1
   29    66     1
   29    67     1
   29    69     1
   29    71     1
   29    73     1
   29    75     3
   29    76     1
   29    78     3
   29    80     3
   29    81     2
   29    84     3
   29    85     1
   29    86     2
   29    87     1
   29    89     1
   29    90     1
   29    91     1
   29    92     3
   29    94     2
   29    96     2
   29    97     1
   29    99     2
   30    31     1
   30    33     2
   30    34     4
   30    35     5
   30    39     1
   30    40     1
   30    41     4
   30    43     3
   30    45     1
   30    50     3
   30    52     3
   30    53     2
   30    54     3
   30    55     1
   30    56     1
   30    58     1
   30    59     3
   30    60     3
   30    62     2
   30    63     1
   30    64     4
   30    65     1
   30    66     2
   30    69     1
   30    70     1
   30    71     2
   30    72     3
   30    75     1
   30    76     3
   30    77     3
   30    78     1
   30    79     3
   30    80     5
   30    81     2
   30    82     1
   30    84     2
   30    86     3
   30    88     3
   30    89     2
   30    92     3
   30    95     2
   30    97     3
   31    32     2
   31    33     1
   31    34     1
   31    35     1
   31    38     4
   31    39     2
   31    40     1
   31    43     3
   31    44     1
   31    45     3
   31    46     2
   31    47     1
   31    48     1
   31    49     2
   31    51     1
   31    54     3
   31    55     1
   31    56     1
   31    57     4
   31    58     1
   31    59     2
   31    60     3
   31    61     1
   31    63     1
   31    64     2
   31    65     1
   31    67     2
   31    68     4
   31    70     4
   31    71     1
   31    72     1
   31    73     1
   31    74     1
   31    76     4
   31    77     2
   31    79     1
   31    80     1
   31    81     2
   31    82     1
   31    84     2
   31    85     3
   31    86     3
   31    88     3
   31    89     2
   31    90     1
   31    91     4
   31    92     2
   31    93     2
   31    94     1
   31    95     1
   31    96     3
   31    97     1
   31    98     5
   31    99     2
   32    33     3
   32    34     3
   32    35     2
   32    37     1
   32    39     2
   32    42     4
   32    43     2
   32    44     4
   32    45     1
   32    48     2
   32    50     4
   32    53     1
   32    54     4
   32    55     5
   32    56     4
   32    57     2
   32    58     2
   32    59     4
   32    62     3
   32    64     1
   32    68     1
   32    69     4
   32    71     1
   32    73     1
   32    75     1
   32    76     4
   32    77     2
   32    78     1
   32    79     2
   32    80     5
   32    82     1
   32    83     3
   32    84     2
   32    85     1
   32    87     3
   32    88     5
   32    89     1
   32    90     4
   32    91     2
   32    92     3
   32    93     4
   32    94     1
   32    95     1
   32    96     3
   32    97     1
   32    98     2
   32    99     4
   33    35     4
   33    36     1
   33    37     5
   33    38     4
   33    39     1
   33    41     3
   33    42     2
   33    43     3
   33    44     1
   33    45     1
   33    46     2
   33    47     3
   33    48     4
   33    49     1
   33    50     5
   33    52     4
   33    54     1
   33    55     1
   33    56     1
   33    58     2
   33    60     3
   33    62     1
   33    63     1
   33    64     4
   33    66     1
   33    67     1
   33    68     1
   33    69     5
   33    70     2
   33    71     2
   33    72     3
   33    75     5
   33    76     1
   33    78     1
   33    81     2
   33    82     2
   33    83     2
   33    85     3
   33    86     4
   33    87     3
   33    88     5
   33    89     3
   33    91     2
   33    93     4
   33    94     3
   33    95     5
   33    96     1
   33    97     3
   33    99     2
   34    35     2
   34    37     1
   34    38     2
   34    39     5
   34    40     2
   34    41     2
   34    42     2
   34    43     5
   34    44     3
   34    45     1
   34    46     1
   34    47     2
   34    48     2
   34    49     1
   34    50     2
   34    51     3
   34    52     4
   34    53     3
   34    54     4
   34    56     1
   34    57     2
   34    58     3
   34    61     3
   34    62     2
   34    63     1
   34    64     4
   34    66     1
   34    67     3
   34    68     4
   34    69     2
   34    70     2
   34    71     1
   34    72     2
   34    73     1
   34    74     4
   34    75     4
   34    76     2
   34    77     4
   34    78     2
   34    79     1
   34    80     1
   34    82     1
   34    83     4
   34    84     1
   34    85     3
   34    86     2
   34    87     2
   34    89     5
   34    91     5
   34    93     1
   34    94     2
   34    95     1
   34    96     2
   34    97     3
   35    36     3
   35    38     1
   35    39     2
   35    40     4
   35    41     5
   35    42     2
   35    43     4
   35    44     1
   35    45     1
   35    46     1
   35    47     3
   35    49     1
   35    51     2
   35    52     3
   35    53     4
   35    54     5
   35    55     2
   35    58     2
   35    59     3
   35    60     4
   35    61     1
   35    63     1
   35    64     1
   35    65     1
   35    67     2
   35    68     4
   35    69     2
   35    72     2
   35    76     1
   35    78     1
   35    80     2
   35    81     2
   35    82     1
   35    84     2
   35    86     1
   35    87     2
   35    88     4
   35    90     1
   35    91     1
   35    93     1
   35    94     1
   35    95     2
   35    96     1
   35    97     1
   36    38     2
   36    40     4
   36    41     4
   36    42     3
   36    44     1
   36    45     3
   36    46     1
   36    47     1
   36    48     1
   36    49     1
   36    50     2
   36    52     1
   36    53     3
   36    54     1
   36    55     3
   36    56     1
   36    57     4
   36    59     1
   36    60     4
   36    61     5
   36    62     3
   36    63     3
   36    64     3
   36    65     2
   36    66     2
   36    67     3
   36    68     1
   36    69     2
   36    70     3
   36    71     2
   36    72     1
   36    73     1
   36    74     4
   36    75     3
   36    76     4
   36    78     2
   36    80     1
   36    81     5
   36    83     3
   36    84     1
   36    85     3
   36    86     1
   36    88     2
   36    89     1
   36    90     3
   36    91     3
   36    93     2
   36    94     3
   36    96     5
   36    97     1
   36    98     3
   37    39     2
   37    40     4
   37    41     1
   37    42     1
   37    44     4
   37    45     1
   37    46     5
   37    47     3
   37    49     1
   37    50     3
   37    51     1
   37    52     3
   37    55     3
   37    56     1
   37    57     2
   37    59     1
   37    60     1
   37    61     2
   37    63     2
   37    65     1
   37    69     2
   37    71     1
   37    72     4
   37    74     2
   37    75     4
   37    76     1
   37    78     3
   37    79     4
   37    80     4
   37    81     3
   37    85     5
   37    87     5
   37    88     5
   37    89     5
   37    90     2
   37    91     2
   37    92     2
   37    93     2
   37    94     1
   37    95     3
   37    96     4
   37    97     1
   37    98     2
   37    99     1
   38    39     1
   38    40     3
   38    41     4
   38    42     4
   38    44     3
   38    45     2
   38    46     3
   38    47     2
   38    48     3
   38    49     3
   38    53     1
   38    54     2
   38    55     1
   38    56     4
   38    57     5
   38    58     1
   38    59     3
   38    62     4
   38    63     5
   38    64     3
   38    65     3
   38    69     2
   38    70     2
   38    72     2
   38    75     3
   38    76     4
   38    77     1
   38    78     5
   38    80     2
   38    81     4
   38    82     2
   38    83     4
   38    84     2
   38    85     1
   38    86     2
   38    87     1
   38    88     1
   38    89     4
   38    90     3
   38    91     4
   38    94     1
   38    96     2
   38    97     2
   38    98     3
   38    99     1
   39    40     2
   39    41     2
   39    42     1
   39    43     1
   39    44     3
   39    45     1
   39    46     3
   39    48     2
   39    49     1
   39    52     1
   39    53     2
   39    55     1
   39    57     2
   39    58     1
   39    60     3
   39    61     1
   39    63     3
   39    66     2
   39    68     3
   39    69     5
   39    70     5
   39    71     5
   39    72     1
   39    73     2
   39    74     3
   39    76     2
   39    77     3
   39    78     4
   39    79     3
   39    80     4
   39    81     4
   39    82     2
   39    83     1
   39    84     5
   39    85     3
   39    86     1
   39    88     1
   39    89     1
   39    90     1
   39    91     2
   39    92     1
   39    94     3
   39    98     2
   39    99     5
   40    41     3
   40    42     3
   40    44     2
   40    45     3
   40    48     5
   40    49     2
   40    51     1
   40    52     4
   40    53     4
   40    54     2
   40    55     5
   40    56     4
   40    58     4
   40    59     2
   40    61     2
   40    62     1
   40    63     1
   40    64     2
   40    65     1
   40    66     4
   40    68     1
   40    71     2
   40    72     2
   40    75     3
   40    76     5
   40    77     3
   40    79     2
   40    80     1
   40    81     4
   40    82     2
   40    83     4
   40    84     1
   40    85     1
   40    86     2
   40    87     3
   40    88     3
   40    90     5
   40    91     2
   40    92     2
   40    93     2
   40    94     3
   40    95     2
   40    96     3
   41    43     1
   41    44     5
   41    47     5
   41    48     1
   41    49     3
   41    51     1
   41    52     3
   41    54     3
   41    55     4
   41    57     3
   41    58     2
   41    59     2
   41    60     2
   41    61     1
   41    62     1
   41    63     3
   41    66     1
   41    67     3
   41    68     3
   41    69     2
   41    70     1
   41    71     4
   41    72     1
   41    73     1
   41    74     3
   41    75     1
   41    76     2
   41    77     1
   41    78     5
   41    79     1
   41    81     4
   41    83     1
   41    84     5
   41    85     4
   41    86     1
   41    88     1
   41    89     1
   41    90     1
   41    91     4
   41    92     1
   41    94     1
   41    95     3
   41    96     1
   41    98     4
   41    99     2
   42    43     1
   42    44     2
   42    45     1
   42    47     1
   42    49     1
   42    51     5
   42    52     2
   42    53     3
   42    54     1
   42    55     3
   42    56     2
   42    57     3
   42    58     3
   42    59     1
   42    60     1
   42    61     3
   42    62     1
   42    63     2
   42    64     5
   42    65     3
   42    66     1
   42    67     3
   42    68     2
   42    69     1
   42    70     4
   42    71     1
   42    72     2
   42    73     3
   42    74     2
   42    76     1
   42    77     1
   42    78     3
   42    79     2
   42    80     1
   42    81     3
   42    82     1
   42    83     4
   42    86     1
   42    87     2
   42    88     1
   42    89     1
   42    90     3
   42    91     1
   42    93     1
   42    94     3
   42    95     1
   42    96     2
   42    97     1
   42    99     1
   43    44     2
   43    45     4
   43    46     3
   43    47     3
   43    48     4
   43    49     1
   43    50     4
   43    51     2
   43    53     2
   43    54     4
   43    55     4
   43    56     4
   43    57     2
   43    58     3
   43    59     4
   43    60     3
   43    61     5
   43    62     3
   43    63     2
   43    64     4
   43    66     4
   43    67     2
   43    69     2
   43    70     1
   43    71     1
   43    74     4
   43    75     1
   43    76     1
   43    78     1
   43    79     1
   43    80     3
   43    81     4
   43    82     1
   43    84     5
   43    86     1
   43    87     3
   43    88     2
   43    90     5
   43    91     2
   43    92     3
   43    93     4
   43    94     2
   43    95     5
   43    96     1
   43    97     4
   43    98     3
   43    99     2
   44    45     1
   44    46     3
   44    47     1
   44    49     1
   44    50     3
   44    52     2
   44    53     4
   44    54     1
   44    55     2
   44    57     2
   44    58     3
   44    59     1
   44    61     3
   44    62     4
   44    63     3
   44    64     3
   44    65     1
   44    66     2
   44    67     5
   44    68     1
   44    70     1
   44    71     1
   44    72     1
   44    73     1
   44    76     1
   44    79     2
   44    80     1
   44    81     2
   44    82     1
   44    83     1
   44    84     1
   44    86     3
   44    87     1
   44    88     1
   44    89     1
   44    90     3
   44    91     1
   44    92     1
   44    94     2
   44    95     1
   44    96     1
   44    97     1
   44    98     3
   45    46     2
   45    47     1
   45    48     4
   45    49     2
   45    50     3
   45    51     4
   45    52     3
   45    55     1
   45    56     2
   45    57     4
   45    58     3
   45    59     1
   45    60     2
   45    61     1
   45    62     3
   45    63     3
   45    64     2
   45    65     2
   45    66     4
   45    67     5
   45    68     2
   45    69     3
   45    70     1
   45    71     1
   45    72     2
   45    74     4
   45    75     5
   45    76     2
   45    77     1
   45    78     4
   45    79     1
   45    80     4
   45    82     4
   45    83     1
   45    84     2
   45    85     1
   45    86     1
   45    87     1
   45    88     3
   45    89     1
   45    90     1
   45    92     2
   45    94     2
   45    95     2
   45    96     1
   45    97     1
   45    98     3
   45    99     1
   46    47     1
   46    48     1
   46    49     2
   46    50     5
   46    51     2
   46    52     2
   46    54     3
   46    57     1
   46    58     1
   46    60     3
   46    61     1
   46    63     2
   46    65     3
   46    66     1
   46    67     1
   46    68     1
   46    70     3
   46    71     1
   46    73     1
   46    74     1
   46    75     3
   46    76     3
   46    77     1
   46    78     4
   46    79     1
   46    80     4
   46    81     1
   46    82     2
   46    83     1
   46    84     1
   46    85     2
   46    88     5
   46    89     1
   46    90     2
   46    91     2
   46    92     5
   46    93     1
   46    94     4
   46    95     2
   46    96     4
   46    97     3
   46    98     2
   46    99     3
   47    50     2
   47    51     2
   47    54     1
   47    57     3
   47    59     3
   47    61     2
   47    62     1
   47    63     1
   47    64     2
   47    66     4
   47    67     1
   47    69     2
   47    70     2
   47    71     2
   47    73     1
   47    74     4
   47    75     1
   47    76     4
   47    77     2
   47    78     3
   47    79     2
   47    80     2
   47    81     1
   47    82     4
   47    83     1
   47    85     1
   47    86     2
   47    87     3
   47    88     3
   47    89     1
   47    90     1
   47    91     1
   47    93     3
   47    95     3
   47    96     2
   47    97     3
   47    98     2
   48    49     3
   48    50     1
   48    51     1
   48    52     1
   48    53     2
   48    54     4
   48    55     1
   48    56     3
   48    57     5
   48    60     1
   48    61     2
   48    62     5
   48    63     1
   48    64     1
   48    65     5
   48    66     3
   48    67     2
   48    68     1
   48    69     3
   48    70     3
   48    71     5
   48    72     1
   48    73     1
   48    76     3
   48    77     1
   48    78     4
   48    80     3
   48    82     1
   48    83     3
   48    86     1
   48    88     1
   48    90     1
   48    91     1
   48    92     2
   48    93     1
   48    94     2
   48    95     1
   48    96     2
   48    98     4
   48    99     3
   49    51     4
   49    53     1
   49    55     3
   49    56     2
   49    57     2
   49    58     1
   49    59     5
   49    60     3
   49    61     2
   49    62     1
   49    65     2
   49    66     1
   49    67     2
   49    68     4
   49    71     2
   49    73     3
   49    74     2
   49    75     5
   49    76     3
   49    77     1
   49    78     1
   49    79     2
   49    80     1
   49    82     4
   49    83     3
   49    84     3
   49    85     3
   49    86     2
   49    87     1
   49    88     1
   49    89     2
   49    90     1
   49    92     1
   49    94     1
   49    96     1
   49    97     2
   49    98     1
   50    52     1
   50    54     2
   50    55     3
   50    56     1
   50    57     2
   50    58     3
   50    59     3
   50    61     2
   50    62     2
   50    63     2
   50    65     1
   50    66     2
   50    67     3
   50    68     3
   50    69     2
   50    70     1
   50    71     5
   50    73     3
   50    74     1
   50    76     2
   50    78     1
   50    80     1
   50    81     2
   50    82     2
   50    83     2
   50    84     1
   50    85     1
   50    86     1
   50    87     5
   50    88     2
   50    89     2
   50    90     3
   50    91     3
   50    92     1
   50    94     1
   50    95     2
   50    96     4
   50    97     1
   50    98     1
   51    52     3
   51    53     3
   51    54     3
   51    55     1
   51    56     1
   51    58     1
   51    59     1
   51    60     2
   51    63     5
   51    64     4
   51    66     1
   51    67     2
   51    68     3
   51    69     1
   51    70     2
   51    71     2
   51    72     3
   51    73     2
   51    74     5
   51    75     2
   51    78     1
   51    81     1
   51    82     3
   51    84     4
   51    86     2
   51    89     2
   51    90     1
   51    91     1
   51    92     1
   51    93     4
   51    94     2
   51    95     4
   51    96     1
   51    97     3
   51    98     1
   52    53     1
   52    54     1
   52    56     5
   52    57     3
   52    58     2
   52    59     4
   52    61     2
   52    62     3
   52    63     1
   52    64     3
   52    65     2
   52    66     1
   52    67     2
   52    68     4
   52    69     4
   52    70     3
   52    71     3
   52    72     2
   52    73     2
   52    74     4
   52    76     1
   52    77     5
   52    78     4
   52    79     3
   52    80     3
   52    82     5
   52    83     1
   52    84     5
   52    88     4
   52    89     1
   52    90     2
   52    91     2
   52    92     1
   52    94     3
   52    96     1
   52    97     1
   52    98     1
   52    99     4
   53    54     5
   53    55     2
   53    56     3
   53    57     2
   53    58     5
   53    59     3
   53    60     4
   53    61     4
   53    63     2
   53    64     2
   53    65     3
   53    66     4
   53    67     4
   53    68     1
   53    69     3
   53    70     2
   53    71     2
   53    72     2
   53    73     1
   53    74     4
   53    75     1
   53    77     2
   53    78     4
   53    79     1
   53    81     5
   53    82     4
   53    83     4
   53    85     5
   53    87     1
   53    88     3
   53    89     2
   53    91     1
   53    92     4
   53    93     4
   53    95     3
   53    96     1
   53    99     1
   54    55     3
   54    56     1
   54    57     1
   54    58     2
   54    59     1
   54    60     1
   54    61     1
   54    63     1
   54    64     3
   54    65     3
   54    66     3
   54    67     3
   54    68     5
   54    69     2
   54    70     1
   54    71     2
   54    73     3
   54    74     3
   54    76     2
   54    77     1
   54    78     4
   54    79     1
   54    83     2
   54    84     2
   54    86     1
   54    87     2
   54    88     4
   54    90     1
   54    91     3
   54    92     2
   54    93     4
   54    94     4
   54    95     2
   54    96     4
   54    97     2
   54    98     5
   54    99     2
   55    56     3
   55    57     1
   55    60     2
   55    61     3
   55    62     1
   55    63     1
   55    64     3
   55    65     2
   55    67     1
   55    68     4
   55    69     2
   55    72     2
   55    73     5
   55    74     4
   55    75     3
   55    77     3
   55    80     2
   55    81     2
   55    82     2
   55    83     3
   55    84     1
   55    85     3
   55    86     3
   55    88     2
   55    89     4
   55    90     3
   55    91     4
   55    93     3
   55    94     2
   55    95     1
   55    96     2
   55    98     2
   55    99     3
   56    57     2
   56    58     2
   56    60     4
   56    61     1
   56    62     2
   56    63     1
   56    64     2
   56    65     1
   56    66     1
   56    67     2
   56    68     1
   56    69     5
   56    71     4
   56    72     3
   56    73     3
   56    74     1
   56    75     1
   56    76     3
   56    78     2
   56    79     1
   56    80     4
   56    81     4
   56    82     4
   56    83     1
   56    84     3
   56    85     1
   56    86     2
   56    87     3
   56    88     5
   56    89     3
   56    90     1
   56    91     2
   56    92     1
   56    93     3
   56    94     2
   56    95     1
   56    96     1
   56    97     1
   57    58     3
   57    59     4
   57    60     2
   57    61     1
   57    62     1
   57    63     1
   57    64     3
   57    65     1
   57    67     1
   57    69     5
   57    70     1
   57    71     3
   57    73     5
   57    76     1
   57    77     5
   57    79     1
   57    82     4
   57    83     4
   57    84     1
   57    85     4
   57    86     2
   57    88     1
   57    89     1
   57    92     4
   57    93     2
   57    94     3
   57    95     3
   57    96     1
   57    98     1
   58    59     3
   58    60     4
   58    61     4
   58    63     1
   58    64     1
   58    65     1
   58    66     1
   58    68     2
   58    69     2
   58    70     1
   58    71     3
   58    72     1
   58    73     1
   58    74     1
   58    75     3
   58    76     2
   58    79     3
   58    80     1
   58    81     1
   58    83     2
   58    86     5
   58    87     3
   58    88     1
   58    89     3
   58    90     5
   58    91     4
   58    97     1
   58    98     1
   59    61     1
   59    62     2
   59    65     3
   59    66     2
   59    67     1
   59    68     5
   59    69     3
   59    71     2
   59    72     5
   59    73     3
   59    75     4
   59    77     2
   59    79     1
   59    80     3
   59    81     1
   59    82     2
   59    83     2
   59    84     1
   59    85     3
   59    86     1
   59    87     1
   59    88     4
   59    89     3
   59    91     1
   59    92     1
   59    93     2
   59    96     3
   59    97     1
   59    98     2
   59    99     1
   60    62     4
   60    63     2
   60    65     3
   60    66     4
   60    67     1
   60    68     5
   60    69     4
   60    70     2
   60    72     4
   60    73     1
   60    74     2
   60    75     5
   60    76     2
   60    77     2
   60    78     5
   60    80     1
   60    81     2
   60    82     2
   60    83     3
   60    85     3
   60    86     3
   60    87     1
   60    88     3
   60    89     1
   60    91     2
   60    92     2
   60    93     3
   60    94     2
   60    95     2
   60    96     1
   60    97     1
   60    98     2
   60    99     4
   61    62     1
   61    64     1
   61    67     2
   61    68     3
   61    69     2
   61    71     2
   61    72     2
   61    73     1
   61    74     1
   61    75     1
   61    79     2
   61    80     2
   61    81     1
   61    85     1
   61    86     2
   61    87     2
   61    88     1
   61    90     1
   61    91     1
   61    92     1
   61    93     1
   61    95     1
   61    96     2
   61    97     3
   61    98     2
   62    63     3
   62    64     1
   62    65     3
   62    69     2
   62    70     1
   62    72     1
   62    73     1
   62    74     2
   62    75     2
   62    76     3
   62    77     3
   62    78     4
   62    79     1
   62    80     3
   62    81     3
   62    83     1
   62    84     1
   62    85     1
   62    86     2
   62    87     3
   62    88     2
   62    91     3
   62    92     3
   62    93     3
   62    94     5
   62    95     3
   62    97     2
   62    98     2
   62    99     5
   63    64     1
   63    65     2
   63    66     1
   63    67     2
   63    68     1
   63    69     2
   63    71     1
   63    74     3
   63    75     2
   63    76     1
   63    77     1
   63    79     2
   63    80     1
   63    81     1
   63    82     3
   63    83     5
   63    84     3
   63    85     1
   63    87     4
   63    90     1
   63    92     2
   63    93     2
   63    96     2
   63    97     2
   63    98     5
   63    99     1
   64    65     3
   64    66     2
   64    67     4
   64    68     1
   64    69     1
   64    70     1
   64    71     5
   64    72     1
   64    73     2
   64    76     3
   64    78     1
   64    83     2
   64    84     2
   64    85     3
   64    87     2
   64    88     1
   64    89     2
   64    90     1
   64    91     2
   64    92     4
   64    93     1
   64    94     2
   64    96     3
   64    97     2
   64    98     3
   64    99     1
   65    66     3
   65    68     1
   65    69     3
   65    70     4
   65    71     2
   65    72     2
   65    73     2
   65    76     3
   65    78     1
   65    79     4
   65    80     2
   65    81     3
   65    82     2
   65    85     1
   65    86     2
   65    88     4
   65    89     2
   65    90     2
   65    91     5
   65    93     1
   65    97     1
   65    99     4
   66    67     1
   66    68     2
   66    71     2
   66    72     1
   66    74     3
   66    75     3
   66    76     2
   66    77     3
   66    78     2
   66    79     1
   66    80     1
   66    82     1
   66    83     2
   66    85     1
   66    86     1
   66    87     1
   66    89     3
   66    92     5
   66    93     4
   66    94     3
   66    96     4
   66    97     1
   66    98     2
   66    99     1
   67    68     2
   67    69     3
   67    71     3
   67    72     4
   67    74     4
   67    75     1
   67    76     2
   67    77     1
   67    78     2
   67    79     2
   67    80     3
   67    81     1
   67    84     3
   67    85     2
   67    86     3
   67    90     2
   67    91     3
   67    93     2
   67    94     4
   67    95     2
   67    97     1
   67    99     1
   68    70     1
   68    71     3
   68    72     3
   68    73     4
   68    74     1
   68    75     1
   68    76     1
   68    77     2
   68    80     1
   68    81     5
   68    82     2
   68    84     3
   68    86     2
   68    87     1
   68    88     1
   68    89     2
   68    90     1
   68    91     3
   68    93     5
   68    94     2
   68    95     1
   68    96     4
   68    97     2
   68    98     4
   68    99     5
   69    70     1
   69    71     3
   69    72     1
   69    73     3
   69    74     1
   69    75     1
   69    76     5
   69    77     1
   69    78     2
   69    79     2
   69    80     3
   69    81     4
   69    82     1
   69    84     1
   69    85     1
   69    86     2
   69    88     1
   69    89     4
   69    90     4
   69    92     2
   69    94     4
   69    95     1
   69    96     4
   69    97     5
   69    98     1
   69    99     4
   70    71     1
   70    72     3
   70    73     3
   70    77     3
   70    79     1
   70    81     2
   70    82     1
   70    83     4
   70    84     1
   70    85     5
   70    87     1
   70    88     2
   70    89     3
   70    90     4
   70    91     4
   70    92     2
   70    94     5
   70    95     3
   70    96     5
   70    97     2
   70    98     1
   71    72     1
   71    76     1
   71    78     3
   71    80     1
   71    81     3
   71    83     4
   71    84     5
   71    86     4
   71    88     4
   71    89     1
   71    90     1
   71    91     4
   71    92     4
   71    93     2
   71    94     1
   71    95     1
   71    96     1
   71    97     2
   71    98     2
   71    99     1
   72    73     3
   72    75     2
   72    76     4
   72    77     1
   72    78     3
   72    79     1
   72    80     1
   72    82     3
   72    83     2
   72    85     1
   72    86     5
   72    88     1
   72    89     4
   72    91     2
   72    94     1
   72    95     1
   72    96     5
   72    97     5
   72    98     3
   73    74     1
   73    75     1
   73    76     2
   73    77     4
   73    79     4
   73    80     4
   73    81     4
   73    83     1
   73    84     1
   73    85     1
   73    86     4
   73    87     4
   73    88     2
   73    90     3
   73    91     4
   73    93     3
   73    95     2
   73    96     2
   73    97     3
   73    98     1
   74    75     1
   74    76     4
   74    77     1
   74    79     4
   74    81     5
   74    82     1
   74    85     1
   74    86     1
   74    87     3
   74    89     1
   74    91     2
   74    93     2
   74    95     1
   74    97     1
   74    99     1
   75    76     4
   75    78     2
   75    79     2
   75    80     2
   75    82     2
   75    83     1
   75    84     3
   75    85     1
   75    86     3
   75    89     2
   75    92     1
   75    93     3
   75    94     4
   75    96     3
   75    97     1
   75    99     1
   76    77     1
   76    79     3
   76    80     2
   76    82     1
   76    84     1
   76    85     3
   76    87     3
   76    88     3
   76    89     3
   76    90     4
   76    91     1
   76    92     2
   76    93     4
   76    94     1
   76    95     2
   76    96     1
   76    97     2
   76    98     1
   76    99     3
   77    78     2
   77    79     1
   77    80     5
   77    81     1
   77    82     4
   77    84     2
   77    85     1
   77    86     1
   77    87     2
   77    88     4
   77    89     1
   77    90     4
   77    92     1
   77    93     1
   77    95     1
   77    97     1
   77    98     1
   77    99     2
   78    79     3
   78    80     5
   78    82     2
   78    83     3
   78    84     2
   78    85     1
   78    86     1
   78    87     2
   78    88     2
   78    90     4
   78    91     2
   78    92     3
   78    93     4
   78    94     2
   78    95     4
   78    96     1
   78    97     2
   78    98     3
   78    99     2
   79    81     1
   79    82     1
   79    83     2
   79    84     1
   79    85     3
   79    87     2
   79    88     2
   79    89     3
   79    90     5
   79    91     4
   79    92     3
   79    93     1
   79    94     5
   79    97     2
   79    99     2
   80    82     1
   80    83     3
   80    84     1
   80    85     1
   80    86     1
   80    87     1
   80    89     2
   80    90     2
   80    92     1
   80    93     3
   80    94     4
   80    95     2
   80    97     1
   81    82     5
   81    83     3
   81    84     2
   81    85     1
   81    86     2
   81    90     3
   81    91     3
   81    93     2
   81    94     2
   81    95     1
   81    96     5
   81    97     2
   81    98     2
   81    99     1
   82    83     3
   82    85     2
   82    86     4
   82    87     2
   82    89     2
   82    90     3
   82    91     1
   82    92     2
   82    93     1
   82    94     1
   82    95     5
   82    96     5
   82    97     1
   82    98     1
   82    99     1
   83    84     3
   83    86     1
   83    87     3
   83    88     4
   83    89     3
   83    90     2
   83    91     4
   83    93     3
   83    94     2
   83    95     3
   83    98     3
   83    99     1
   84    85     1
   84    86     2
   84    87     1
   84    89     4
   84    91     2
   84    92     1
   84    94     1
   84    95     3
   84    97     3
   84    98     3
   85    86     1
   85    87     1
   85    88     1
   85    90     1
   85    92     4
   85    93     1
   85    94     2
   85    96     1
   85    97     3
   86    88     4
   86    89     2
   86    90     2
   86    91     1
   86    92     2
   86    94     1
   86    95     1
   86    96     1
   86    97     2
   86    99     3
   87    89     4
   87    91     4
   87    93     2
   87    94     2
   87    95     4
   87    96     2
   87    98     2
   88    89     2
   88    90     1
   88    91     3
   88    94     4
   88    95     5
   88    96     2
   88    97     1
   88    99     2
   89    91     2
   89    92     2
   89    93     2
   89    94     1
   89    95     2
   89    96     3
   89    97     2
   89    99     2
   90    91     1
   90    92     4
   90    93     1
   90    94     2
   90    95     3
   90    96     5
   90    98     3
   90    99     2
   91    92     4
   91    94     4
   91    95     3
   91    96     3
   91    98     3
   92    93     2
   92    94     1
   92    95     1
   92    96     1
   92    97     1
   92    99     2
   93    97     3
   93    98     1
   93    99     2
   94    95     3
   94    96     2
   94    97     2
   94    98     2
   94    99     1
   95    97     1
   95    98     3
   95    99     2
   96    99     2
   97    98     2
